name: snowflake
channels:
  - defaults
dependencies:
  - blas=1.0=mkl
  - bottleneck=1.4.2=py311h57dcf0c_0
  - brotli-python=1.0.9=py311h5da7b33_9
  - brotlicffi=1.0.9.2=py311h5da7b33_1
  - bzip2=1.0.8=h2bbff1b_6
  - ca-certificates=2025.2.25=haa95532_0
  - certifi=2025.7.14=py311haa95532_0
  - cffi=1.17.1=py311h827c3e9_1
  - charset-normalizer=3.3.2=pyhd3eb1b0_0
  - contourpy=1.3.1=py311h214f63a_0
  - cycler=0.11.0=pyhd3eb1b0_0
  - expat=2.7.1=h8ddb27b_0
  - fonttools=4.55.3=py311h827c3e9_0
  - freetype=2.13.3=h0620614_0
  - icu=73.1=h6c2663c_0
  - idna=3.7=py311haa95532_0
  - intel-openmp=2023.1.0=h59b6b97_46320
  - jpeg=9e=h827c3e9_3
  - kiwisolver=1.4.8=py311h5da7b33_0
  - lcms2=2.16=hb4a4139_0
  - lerc=3.0=hd77b12b_0
  - libdeflate=1.17=h2bbff1b_1
  - libffi=3.4.4=hd77b12b_1
  - libkrb5=1.21.3=hcb72d8e_3
  - libpng=1.6.39=h8cc25b3_0
  - libpq=17.4=h4a159e6_2
  - libtiff=4.5.1=hd77b12b_0
  - libwebp-base=1.3.2=h3d04722_1
  - lz4-c=1.9.4=h2bbff1b_1
  - matplotlib=3.10.0=py311haa95532_0
  - matplotlib-base=3.10.0=py311he19b0ae_0
  - mkl=2023.1.0=h6b88ed4_46358
  - mkl-service=2.4.0=py311h827c3e9_2
  - mkl_fft=1.3.11=py311h827c3e9_0
  - mkl_random=1.2.8=py311hea22821_0
  - numexpr=2.11.0=py311hdb065b2_0
  - numpy=2.0.1=py311hdab7c0b_1
  - numpy-base=2.0.1=py311hd01c5d8_1
  - openjpeg=2.5.2=hae555c5_0
  - openssl=3.0.17=h35632f6_0
  - packaging=25.0=py311haa95532_0
  - pandas=2.3.1=py311h885b0b7_0
  - pillow=11.1.0=py311h096bfcc_0
  - pip=25.1=pyhc872135_2
  - pycparser=2.21=pyhd3eb1b0_0
  - pyparsing=3.2.0=py311haa95532_0
  - pyqt=6.7.1=py311h378bd72_2
  - pyqt6-sip=13.9.1=py311h02ab6af_2
  - pysocks=1.7.1=py311haa95532_0
  - python=3.11.13=h981015d_0
  - python-dateutil=2.9.0post0=py311haa95532_2
  - python-tzdata=2025.2=pyhd3eb1b0_0
  - pytz=2025.2=py311haa95532_0
  - qtbase=6.7.3=hd088775_4
  - qtdeclarative=6.7.3=h885b0b7_1
  - qtsvg=6.7.3=h9d4b640_1
  - qttools=6.7.3=hcb596f7_1
  - qtwebchannel=6.7.3=h885b0b7_1
  - qtwebsockets=6.7.3=h885b0b7_1
  - requests=2.32.4=py311haa95532_0
  - setuptools=78.1.1=py311haa95532_0
  - sip=6.10.0=py311h5da7b33_0
  - six=1.17.0=py311haa95532_0
  - sqlite=3.50.2=hda9a48d_1
  - tbb=2021.8.0=h59b6b97_0
  - tk=8.6.14=h5e9d12e_1
  - tornado=6.5.1=py311h827c3e9_0
  - tzdata=2025b=h04d1e81_0
  - ucrt=10.0.22621.0=haa95532_0
  - unicodedata2=15.1.0=py311h827c3e9_1
  - urllib3=2.5.0=py311haa95532_0
  - vc=14.3=h2df5915_10
  - vc14_runtime=14.44.35208=h4927774_10
  - vs2015_runtime=14.44.35208=ha6b5a95_10
  - wheel=0.45.1=py311haa95532_0
  - win_inet_pton=1.1.0=py311haa95532_0
  - xz=5.6.4=h4754444_1
  - zlib=1.2.13=h8cc25b3_1
  - zstd=1.5.6=h8880b57_0
  - pip:
      - annotated-types==0.7.0
      - attrs==25.3.0
      - cmdstanpy==1.2.5
      - colorama==0.4.6
      - dacite==1.9.2
      - holidays==0.78
      - htmlmin==0.1.12
      - imagehash==4.3.1
      - importlib-resources==6.5.2
      - jinja2==3.1.6
      - joblib==1.5.1
      - llvmlite==0.44.0
      - markupsafe==3.0.2
      - multimethod==1.12
      - networkx==3.5
      - numba==0.61.0
      - patsy==1.0.1
      - phik==0.12.5
      - prophet==1.1.7
      - puremagic==1.30
      - pydantic==2.11.7
      - pydantic-core==2.33.2
      - pywavelets==1.9.0
      - pyyaml==6.0.2
      - scipy==1.15.3
      - seaborn==0.13.2
      - stanio==0.5.1
      - statsmodels==0.14.5
      - tqdm==4.67.1
      - typeguard==4.4.4
      - typing-extensions==4.14.1
      - typing-inspection==0.4.1
      - visions==0.8.1
      - wordcloud==1.9.4
      - ydata-profiling==4.16.1
prefix: C:\Users\azimu\miniconda3\envs\snowflake
